beta <- 0.02
pop <- 100
effpropS <- 0.8
effpropI <- 0.2
reporting <- 0.8

s0 <- effpropS*pop
r0 <- 0
zerohack <- 0.001
numobs <- 20

seed=3